$ANSIBLE_VAULT;1.1;AES256
33363763643165366334383663303833306632626166313333626438333436376533376662323832
6139643939366532313339613331663965623865366632620a643039303534653761326630363666
61363766336437323033623162383564356432336232306231363532396638653535333862393664
6331623833616163620a653362656339393436643738613038633339353337373331313561656138
32353962326663336333666263663537353636346564653532386638316263306431666237633831
35303661653837346638356635363234353864346132623061363535373462373730643862353939
63366266643234393931643033666131333436333166313837633564336566633534336563356361
63386662623935396462363261393731336338326133663430393438313363343361303338616164
35366262393031323965373136316464373762386531656339643931646564313165656537613536
31393565633066366331306564386563356565643731356332363835363934363333353965333435
62356134353237343063303538663331633462353539356339333538373531663330323439373636
35663536656335656336393034363165356564636362393562316233303264396130343033656132
62333130623438663436633463396164646166306461366437656533356230383830613136323232
61663863633635323731646633626661363039633731393734393737303765383036346533386237
31366632663461313234323662663530386564656331333163633330316361366132636533323633
39643635363432313032303438336535633934353634323533643032303739346335383261613965
65313466646435633637373331313033666161386536346163303738636166393565653230643364
34316434386639396461356334363938383566383631393731653936313664346163373334643136
38623737393034646437643362656532396662623335663034373161663432356530323162656166
65373431363366656134666365313866616230633035393262386430313064336163306233633764
39336335656364333334316262303435656338633565343361663564353963316237316131396361
37623431313637343634393038313264363533363231393137333961363031336334656536656632
31646334653738346235333832373864393265643362616133356137336665643066393236353734
64613161306632613362373730646239633333383330316433653133333263316537343161623838
63373565613565306635323637623464316636393734383362396365366166623131663266373562
37383364643737383965323964393833663866396566346164363936353966616166623262613633
65643238393332643361323365333466383461633362666439323138346363373231643038663536
30373435326633623630663266613937663130326266623762316266303232643162653637393539
61616664306639663963636131663864363461336430386264626265313433613339313839396432
63663364396639353432313237643966353561623838393538616339383163653365393462343466
66333933643437666262323661363130366166663436623631373432396230323230653237303964
32636336383536356638653330313964373936396539646535316433633037626161386433653133
38623466313736313261356266626664303064643034313062306435346537663136613132346539
34393931303137346636373839343430633563393432396566373035363133363837616536373331
653034323339366436333533613137613666
