$ANSIBLE_VAULT;1.1;AES256
35633464653139393538386537316132353636383431646534633238633463616564623966366431
6438383033346532393464646532336336653535643338300a333133356562333830343531326363
63653639633537336531306265663638623638306235653963396637393730333562636234656665
3839373263653739370a643232663363356634366266316464343138316234363262306133333532
33376133666135656462613031633633643430626138366461343963393961353962333932303931
30363662343937313533663166376436663130313938313538353862383537396336363535636437
35393063383439363832316562633831393431353735343762663666313861346161613130383634
30373239636365656433333132363134336364643231663037623465613338633362363439333539
66376334633963623638366166646134306361363665336363613639336435346363633030396362
63666566303538643935343835633935363839356334376132326361626436343563663030306266
32643665363931303763326161616261383035303366323832623739313363643531313964343165
33646562613039346535623366323839663061393531343463386135623937313937376162643132
33343334626664343730643166393064633062393564326635623732343664323431663835643034
34613438326237373438666432363562666539326561343733623863396638633130656466653032
36616435333031623431373362363233343634336138323831376661303262666132373434333462
36396262623364353064363063376164373638306134343934303163313137336436363964373266
31333731613265613263646166333261333438376164653563353933663537663431623862313865
33316236326134613938646231303364396237306632396431333835616132333265336632396537
37353366366537306330613366363862633264626339623830396365373730633365363663653531
65323162626462383665666336616561313763663031343632323032666136323939653561323936
36376266333738653164616534386536636633376239663265396564663438346162316434643463
61666564656365633561353362326238313166656136363937656262313732633962373364636662
63326330313863313939373338633334326532643064303330613162373139326566313039616439
36663035353864303466303035656538633664353932633833653763323864626165643537356363
63396537663164333439396264666366303061353038633832306230396532383634626239373739
65633763333834343764366435633464663132323038323263336339323631663264643936663538
38336137653865366137306534623666306637373733653332666139396632353834643937373935
39616632653438616630643665376135663661363439333433623031613234373233323231633738
33646135303032616436653062363165646263333236316137353964376461343535353062336330
30343730666135623133613765616330306139613161633834316338323634336130376464313363
64373737633562393265643433383737383764336335313935623530313434363337653538323662
33303831346463383439616333663635333038303035363163663034376231663265353466373066
34633131306431343933643037636164373435333635663065383536626237373638376430383534
63373634303234346334396331323039623536626231313661363433396232346635393637353964
33643533316536646266626533316531616534313064636261616137653861353135353564613238
63383162393831633863316630623162633264366638343465336639626136386335396538323639
31383064346334383661383832303233396337323165323361336262653063643537636633666430
34383133376136353863373162323031386364356433313365323934626537356137643232393962
34623133343031666639376438653630373136373739316539396363646266303363323166333465
65333065653439643832616130636535336261366665373238303737653437343762333365326538
37333164343236306466666237373434353738336263353733373134336136386364
